0 -7440 7440
0 -7192 7192
0 -6944 6944
0 -6696 6696
0 -6448 6448
0 -6200 6200
0 -5952 5952
0 -5704 5704
0 -5456 5456
0 -5208 5208
0 -4960 4960
0 -4712 4712
0 -4464 4464
0 -4216 4216
0 -3968 3968
0 -3720 3720
0 -3472 3472
0 -3224 3224
0 -2976 2976
0 -2728 2728
0 -2480 2480
0 -2232 2232
0 -1984 1984
0 -1736 1736
0 -1488 1488
0 -1240 1240
0 -992 992
0 -744 744
0 -496 496
0 -248 248
0 248 -248
0 496 -496
0 744 -744
0 992 -992
0 1240 -1240
0 1488 -1488
0 1736 -1736
0 1984 -1984
0 2232 -2232
0 2480 -2480
0 2728 -2728
0 2976 -2976
0 3224 -3224
0 3472 -3472
0 3720 -3720
0 3968 -3968
0 4216 -4216
0 4464 -4464
0 4712 -4712
0 4960 -4960
0 5208 -5208
0 5456 -5456
0 5704 -5704
0 5952 -5952
0 6200 -6200
0 6448 -6448
0 6696 -6696
0 6944 -6944
0 7192 -7192
0 7440 -7440
